step,epoch,step_in_epoch,probe/is_eval,sys/effective_batch_size,sys/device_batch_size,train/loss,train/gate0_triggered_blocks,train/gate0_considered_blocks,train/gate0_trigger_rate,train/pull_to_r_blocks,train/pull_to_R_blocks,train/pull_to_r_rate,train/pull_to_R_rate,train/alpha_pull_mean,train/alpha_pull_to_r_mean,train/alpha_pull_to_R_mean,train/single_vote_skipped_blocks,train/tau_N,train/tau_D,diag/info_retention_ratio,diag/residual_visibility,diag/conflict_resolution_rate,train/expert_load_r,train/expert_load_R,train/load_cv,train/load_max_min_ratio,train/utilization_ratio,train/routing_entropy,train/routing_entropy_raw,train/active_experts,train/expert_purity,train/intra_expert_coherence,train/intra_expert_conflict,train/inter_expert_similarity,sys/time_per_step_ms,sys/peak_memory_mb,val/acc,val/loss,val/acc_r_only,val/loss_r_only,train/acc,train/loss_eval,gap/train_minus_val,train/acc_r_only,train/loss_r_only_eval,gap_r_only/train_minus_val_r_only
1,1,1,0.0,128.0,128.0,0.7531959097832441,61.0,74.0,0.8243243243243243,0.0,61.0,0.0,1.0,0.07510548173020122,0.0,0.07510548173020122,0.0,0.6,0.005798652457006398,1.000000000058623,0.6474459447202022,1.7429927218598184e-08,0.0,61.0,1.0,nan,0.5,-1.4426950249075512e-08,-9.999999889225291e-09,1.0,0.5031989293674822,0.0002301065191080521,0.499884946740446,nan,2193.4395709540695,8604.2744140625,,,,,,,,,,
2,1,2,0.0,128.0,128.0,0.7036359813064337,65.0,74.0,0.8783783783783784,0.0,65.0,0.0,1.0,0.07500262811493208,0.0,0.07500262811493208,0.0,0.6,0.005798652457006398,1.0000000000262281,0.6491854259983814,-1.3461976635577557e-08,0.0,65.0,1.0,nan,0.5,-1.4426950249075512e-08,-9.999999889225291e-09,1.0,0.5012768325207879,0.00022542127044446726,0.4998872893647778,nan,1595.3606590046547,9183.22509765625,,,,,,,,,,
3,1,3,0.0,128.0,128.0,0.7157512474805117,60.0,74.0,0.8108108108108109,0.0,60.0,0.0,1.0,0.07502208054589163,0.0,0.07502208054589163,0.0,0.6,0.005798652457006398,0.999999999967623,0.651192632757157,1.8463427221518766e-09,0.0,60.0,1.0,nan,0.5,-1.4426950249075512e-08,-9.999999889225291e-09,1.0,0.5022323314381402,8.91631299773674e-05,0.4999554184350113,nan,1599.9082539929077,9112.732421875,,,,,,,,,,
4,1,4,0.0,128.0,128.0,0.6745513826608658,62.0,74.0,0.8378378378378378,0.0,62.0,0.0,1.0,0.07497572402508727,0.0,0.07497572402508727,0.0,0.6,0.005798652457006398,1.0000000003783005,0.6419514998551209,5.9510002743003875e-09,0.0,62.0,1.0,nan,0.5,-1.4426950249075512e-08,-9.999999889225291e-09,1.0,0.5011775856982508,9.350050617052163e-05,0.49995324974691474,nan,1596.0368939558975,9148.732421875,,,,,,,,,,
5,1,5,0.0,128.0,128.0,0.6958930008113384,59.0,74.0,0.7972972972972973,1.0,58.0,0.01694915254237288,0.9830508474576272,0.07500195957695548,0.07287620754868064,0.07503861047399471,0.0,0.6,0.005798652457006398,1.0000000004538343,0.6602124664801892,-1.1770876367026332e-09,1.0,58.0,0.9661016949152542,58.0,1.0,0.12394983885711103,0.08591548133466606,2.0,0.5014194831086589,2.7281873908772528e-05,0.4999863590630456,0.0036988212461499014,1599.1210829815827,9092.48193359375,,,,,,,,,,
6,1,6,0.0,128.0,128.0,0.6971539054065943,60.0,74.0,0.8108108108108109,0.0,60.0,0.0,1.0,0.07500766860740905,0.0,0.07500766860740905,0.0,0.6,0.005798652457006398,1.0000000003719551,0.6669882808240435,-2.7938918821797096e-08,0.0,60.0,1.0,nan,0.5,-1.4426950249075512e-08,-9.999999889225291e-09,1.0,0.5011612352469581,0.00010184367386538166,0.49994907816306733,nan,1588.0207570153289,9112.732421875,,,,,,,,,,
7,1,7,0.0,128.0,128.0,0.6870391927659512,51.0,74.0,0.6891891891891891,0.0,51.0,0.0,1.0,0.07504248004208747,0.0,0.07504248004208747,0.0,0.6,0.005798652457006398,0.999999999892949,0.6585280417283143,1.3961737271420738e-09,0.0,51.0,1.0,nan,0.5,-1.4426950249075512e-08,-9.999999889225291e-09,1.0,0.5013787726582939,1.728509440905584e-05,0.4999913574527955,nan,1586.1456650309265,9004.73046875,,,,,,,,,,
8,1,8,0.0,128.0,128.0,0.6983884647488594,50.0,74.0,0.6756756756756757,0.0,50.0,0.0,1.0,0.0750066177426493,0.0,0.0750066177426493,0.0,0.6,0.005798652457006398,1.000000001442331,0.6675569689551567,-1.1156671715549468e-08,0.0,50.0,1.0,nan,0.5,-1.4426950249075512e-08,-9.999999889225291e-09,1.0,0.5014467935481357,9.350093770051664e-05,0.4999532495311497,nan,1591.615224024281,9012.97998046875,,,,,,,,,,
9,1,9,0.0,128.0,128.0,0.6810886301100254,36.0,74.0,0.4864864864864865,2.0,34.0,0.05555555555555555,0.9444444444444444,0.0750071862900216,0.0727484094335823,0.07514005551687096,0.0,0.6,0.005798652457006398,0.9999999999735132,0.6564028734377556,-3.5603120526591e-09,2.0,34.0,0.8888888888888888,17.0,1.0,0.3095434002964257,0.21455913517640599,2.0,0.5033288132074165,0.0007890487950006315,0.4996054756024997,0.01235852969856399,1587.6260970253497,8875.25048828125,,,,,,,,,,
10,1,10,0.0,128.0,128.0,0.6891857571899891,34.0,74.0,0.4594594594594595,0.0,34.0,0.0,1.0,0.07493910598685567,0.0,0.07493910598685567,0.0,0.6,0.005798652457006398,1.00000000022824,0.6610129879663889,-5.376369628651843e-09,0.0,34.0,1.0,nan,0.5,-1.4426950249075512e-08,-9.999999889225291e-09,1.0,0.5021766940702512,-0.00026515693553076446,0.5001325784677654,nan,1583.4392749820836,8843.7509765625,,,,,,,,,,
11,1,11,0.0,128.0,128.0,0.7132917698472738,16.0,74.0,0.21621621621621623,0.0,16.0,0.0,1.0,0.07549735878200041,0.0,0.07549735878200041,0.0,0.6,0.005798652457006398,1.0000000000023355,0.657610729796669,1.0672099756560978e-09,0.0,16.0,1.0,nan,0.5,-1.4426950249075512e-08,-9.999999889225291e-09,1.0,0.5041075913265238,-0.0001501369975891936,0.5000750684987946,nan,1576.0340280248784,8745.6416015625,,,,,,,,,,
12,1,12,0.0,128.0,128.0,0.6989561207592487,23.0,74.0,0.3108108108108108,0.0,23.0,0.0,1.0,0.07508504293431395,0.0,0.07508504293431395,0.0,0.6,0.005798652457006398,0.9999999999232231,0.6605115953798681,3.2900627378265824e-09,0.0,23.0,1.0,nan,0.5,-1.4426950249075512e-08,-9.999999889225291e-09,1.0,0.5015214527461653,-0.00021775420607366826,0.5001088771030369,nan,1671.328887983691,8769.5166015625,,,,,,,,,,
13,1,13,0.0,128.0,128.0,0.7085105460137129,23.0,74.0,0.3108108108108108,0.0,23.0,0.0,1.0,0.07487478552882648,0.0,0.07487478552882648,0.0,0.6,0.005798652457006398,1.0000000000046319,0.6589487525238409,6.225388924685155e-10,0.0,23.0,1.0,nan,0.5,-1.4426950249075512e-08,-9.999999889225291e-09,1.0,0.5019099917690714,-9.936780394528503e-05,0.5000496839019727,nan,1578.5900159971789,8776.2666015625,,,,,,,,,,
14,1,14,0.0,128.0,128.0,0.6791181340813637,35.0,74.0,0.47297297297297297,0.0,35.0,0.0,1.0,0.07500512585693184,0.0,0.07500512585693184,0.0,0.6,0.005798652457006398,0.9999999999275884,0.6704598552436019,-6.723683874059161e-10,0.0,35.0,1.0,nan,0.5,-1.4426950249075512e-08,-9.999999889225291e-09,1.0,0.5021235158361463,-0.0002077298490085492,0.5001038649245043,nan,1585.860749008134,8862.7509765625,,,,,,,,,,
15,1,15,0.0,128.0,128.0,0.6849796157330275,38.0,74.0,0.5135135135135135,0.0,38.0,0.0,1.0,0.07495990157438025,0.0,0.07495990157438025,0.0,0.6,0.005798652457006398,0.9999999999364038,0.6676385402193049,-2.8395598553485598e-09,0.0,38.0,1.0,nan,0.5,-1.4426950249075512e-08,-9.999999889225291e-09,1.0,0.501232955340258,0.0002860963616691646,0.4998569518191654,nan,1588.1539530237205,8889.50927734375,,,,,,,,,,
16,1,16,0.0,128.0,128.0,0.6880363970994949,36.0,74.0,0.4864864864864865,0.0,36.0,0.0,1.0,0.07508589904029242,0.0,0.07508589904029242,0.0,0.6,0.005798652457006398,0.99999999995662,0.6558439622820929,-2.6148204474791923e-09,0.0,36.0,1.0,nan,0.5,-1.4426950249075512e-08,-9.999999889225291e-09,1.0,0.5023864823775824,-0.00017855299640735933,0.5000892764982037,nan,1576.8151399679482,8880.7509765625,,,,,,,,,,
17,1,17,0.0,128.0,128.0,0.6848840862512589,44.0,74.0,0.5945945945945946,0.0,44.0,0.0,1.0,0.07496342886227587,0.0,0.07496342886227587,0.0,0.6,0.005798652457006398,1.0000000011027592,0.6675629236501156,-4.0932211210014476e-10,0.0,44.0,1.0,nan,0.5,-1.4426950249075512e-08,-9.999999889225291e-09,1.0,0.5011197867836651,-7.117574280681144e-06,0.5000035587871403,nan,1585.9917069901712,8943.9794921875,,,,,,,,,,
18,1,18,0.0,128.0,128.0,0.6845211330801249,34.0,74.0,0.4594594594594595,0.0,34.0,0.0,1.0,0.07508614227132755,0.0,0.07508614227132755,0.0,0.6,0.005798652457006398,1.0000000001769074,0.6548204932315977,4.594370857493489e-09,0.0,34.0,1.0,nan,0.5,-1.4426950249075512e-08,-9.999999889225291e-09,1.0,0.5022103057646293,-0.0002574004212444122,0.5001287002106222,nan,1581.309949979186,8843.2822265625,,,,,,,,,,
19,1,19,0.0,128.0,128.0,0.6897636987268925,40.0,74.0,0.5405405405405406,0.0,40.0,0.0,1.0,0.07500735564184483,0.0,0.07500735564184483,0.0,0.6,0.005798652457006398,1.000000000182758,0.6595673582544496,3.523411531099009e-09,0.0,40.0,1.0,nan,0.5,-1.4426950249075512e-08,-9.999999889225291e-09,1.0,0.5014349764802625,0.00018920403045872297,0.4999053979847706,nan,1582.735059026163,8897.47802734375,,,,,,,,,,
20,1,20,0.0,58.0,58.0,0.681965566914657,24.0,74.0,0.32432432432432434,0.0,24.0,0.0,1.0,0.07513178705847971,0.0,0.07513178705847971,0.0,0.6,0.005798652457006398,0.9999999998253567,0.66900807499383,2.495239369762256e-09,0.0,24.0,1.0,nan,0.5,-1.4426950249075512e-08,-9.999999889225291e-09,1.0,0.5027226814811535,-0.0002683612971794697,0.5001341806485897,nan,773.6290500033647,5920.28076171875,,,,,,,,,,
21,1,21,0.0,128.0,128.0,0.659211890771985,18.0,74.0,0.24324324324324326,0.0,18.0,0.0,1.0,0.07519509313374334,0.0,0.07519509313374334,0.0,0.6,0.005798652457006398,0.999999999904259,0.6667746897432225,-4.842040781559458e-11,0.0,18.0,1.0,nan,0.5,-1.4426950249075512e-08,-9.999999889225291e-09,1.0,0.5035025225794488,-0.00036547188493153774,0.5001827359424658,nan,1573.8492059754208,8749.7666015625,,,,,,,,,,
22,1,22,0.0,128.0,128.0,0.6596891358494759,14.0,74.0,0.1891891891891892,0.0,14.0,0.0,1.0,0.07505783398996106,0.0,0.07505783398996106,0.0,0.6,0.005798652457006398,0.9999999997741867,0.6687062619492767,3.369822836221145e-10,0.0,14.0,1.0,nan,0.5,-1.4426950249075512e-08,-9.999999889225291e-09,1.0,0.501487067900988,7.05700513208285e-05,0.4999647149743396,nan,1585.08388500195,8733.1728515625,,,,,,,,,,
23,1,23,0.0,128.0,128.0,0.689665462821722,6.0,74.0,0.08108108108108109,0.0,6.0,0.0,1.0,0.07492576717958795,0.0,0.07492576717958795,0.0,0.6,0.005798652457006398,1.0000000000018754,0.6690943989499272,-2.0901159090830194e-09,0.0,6.0,1.0,nan,0.5,-1.4426950249075512e-08,-9.999999889225291e-09,1.0,0.501491902641583,-0.0008310383418574929,0.5004155191709287,nan,1568.7343290192075,8708.0478515625,,,,,,,,,,
24,1,24,0.0,128.0,128.0,0.6346928291022778,8.0,74.0,0.10810810810810811,0.0,8.0,0.0,1.0,0.07487529115114533,0.0,0.07487529115114533,0.0,0.6,0.005798652457006398,0.9999999999721457,0.6719177169630403,-4.3250084697941534e-10,0.0,8.0,1.0,nan,0.5,-1.4426950249075512e-08,-9.999999889225291e-09,1.0,0.5018104033405727,-0.0007663568248972297,0.5003831784124486,nan,1567.6651209942065,8712.5478515625,,,,,,,,,,
25,1,25,0.0,128.0,128.0,0.6414959589019418,6.0,74.0,0.08108108108108109,0.0,6.0,0.0,1.0,0.07500284838556048,0.0,0.07500284838556048,0.0,0.6,0.005798652457006398,1.0000000000538145,0.6720898081985762,5.445330414711676e-09,0.0,6.0,1.0,nan,0.5,-1.4426950249075512e-08,-9.999999889225291e-09,1.0,0.501421659371489,0.00042325706453993917,0.49978837146773003,nan,1570.1115099946037,8707.4228515625,,,,,,,,,,
26,1,26,0.0,128.0,128.0,0.6354689486324787,8.0,74.0,0.10810810810810811,0.0,8.0,0.0,1.0,0.07510202472437849,0.0,0.07510202472437849,0.0,0.6,0.005798652457006398,1.0000000000172586,0.6736882793369746,-6.837695625546432e-10,0.0,8.0,1.0,nan,0.5,-1.4426950249075512e-08,-9.999999889225291e-09,1.0,0.5011781468159862,3.362958523212001e-05,0.49998318520738394,nan,1578.8319749990478,8712.5478515625,,,,,,,,,,
27,1,27,0.0,128.0,128.0,0.6290444787591696,4.0,74.0,0.05405405405405406,0.0,4.0,0.0,1.0,0.07498810048090446,0.0,0.07498810048090446,0.0,0.6,0.005798652457006398,0.9999999999900312,0.6746311502962231,-1.3527388486769445e-09,0.0,4.0,1.0,nan,0.5,-1.4426950249075512e-08,-9.999999889225291e-09,1.0,0.500658409848385,-0.0004453649162314832,0.5002226824581157,nan,1572.7946429979056,8702.0478515625,,,,,,,,,,
28,1,28,0.0,128.0,128.0,0.6310987211763859,2.0,74.0,0.02702702702702703,0.0,2.0,0.0,1.0,0.07497758494081072,0.0,0.07497758494081072,0.0,0.6,0.005798652457006398,1.0,0.6794233140610848,7.976002797416581e-11,0.0,2.0,1.0,nan,0.5,-1.4426950249075512e-08,-9.999999889225291e-09,1.0,0.5001494337279285,0.0051658679731190205,0.4974170660134405,nan,1575.150794989895,8696.5478515625,,,,,,,,,,
29,1,29,0.0,128.0,128.0,0.6151220854371786,0.0,74.0,0.0,0.0,0.0,0.0,0.0,0.0,0.0,0.0,0.0,0.6,0.005798652457006398,1.0,0.6741268107319289,0.0,0.0,0.0,nan,nan,nan,nan,nan,0.0,nan,nan,nan,nan,1569.4418720086105,8691.6728515625,,,,,,,,,,
30,1,30,0.0,128.0,128.0,0.6387324761599302,0.0,74.0,0.0,0.0,0.0,0.0,0.0,0.0,0.0,0.0,0.0,0.6,0.005798652457006398,1.0,0.674089960225565,0.0,0.0,0.0,nan,nan,nan,nan,nan,0.0,nan,nan,nan,nan,1562.6733690151013,8691.6728515625,,,,,,,,,,
31,1,31,0.0,128.0,128.0,0.6103248912841082,0.0,74.0,0.0,0.0,0.0,0.0,0.0,0.0,0.0,0.0,0.0,0.6,0.005798652457006398,1.0,0.6750878325563022,0.0,0.0,0.0,nan,nan,nan,nan,nan,0.0,nan,nan,nan,nan,1648.2791180023924,8691.6728515625,,,,,,,,,,
32,1,32,0.0,128.0,128.0,0.5835789209231734,0.0,74.0,0.0,0.0,0.0,0.0,0.0,0.0,0.0,0.0,0.0,0.6,0.005798652457006398,1.0,0.6811965060905885,0.0,0.0,0.0,nan,nan,nan,nan,nan,0.0,nan,nan,nan,nan,1571.3635679567233,8691.6728515625,,,,,,,,,,
33,1,33,0.0,128.0,128.0,0.5827268231660128,0.0,74.0,0.0,0.0,0.0,0.0,0.0,0.0,0.0,0.0,0.0,0.6,0.005798652457006398,1.0,0.6810923473530623,0.0,0.0,0.0,nan,nan,nan,nan,nan,0.0,nan,nan,nan,nan,1561.7165950243361,8691.6728515625,,,,,,,,,,
34,1,34,0.0,128.0,128.0,0.5715675195679069,0.0,74.0,0.0,0.0,0.0,0.0,0.0,0.0,0.0,0.0,0.0,0.6,0.005798652457006398,1.0,0.6792003324958232,0.0,0.0,0.0,nan,nan,nan,nan,nan,0.0,nan,nan,nan,nan,1552.3871880141087,8691.6728515625,,,,,,,,,,
35,1,35,0.0,128.0,128.0,0.5635924125090241,0.0,74.0,0.0,0.0,0.0,0.0,0.0,0.0,0.0,0.0,0.0,0.6,0.005798652457006398,1.0,0.6801869352115453,0.0,0.0,0.0,nan,nan,nan,nan,nan,0.0,nan,nan,nan,nan,1558.161721972283,8691.6728515625,,,,,,,,,,
36,1,36,0.0,128.0,128.0,0.5419973321259022,0.0,74.0,0.0,0.0,0.0,0.0,0.0,0.0,0.0,0.0,0.0,0.6,0.005798652457006398,1.0,0.6834856864381789,0.0,0.0,0.0,nan,nan,nan,nan,nan,0.0,nan,nan,nan,nan,1572.3367459722795,8691.6728515625,,,,,,,,,,
37,1,37,0.0,128.0,128.0,0.6330619668588042,0.0,74.0,0.0,0.0,0.0,0.0,0.0,0.0,0.0,0.0,0.0,0.6,0.005798652457006398,1.0,0.6830982095005115,0.0,0.0,0.0,nan,nan,nan,nan,nan,0.0,nan,nan,nan,nan,1569.9575349572115,8691.6728515625,,,,,,,,,,
38,1,38,0.0,128.0,128.0,0.6218698769807816,0.0,74.0,0.0,0.0,0.0,0.0,0.0,0.0,0.0,0.0,0.0,0.6,0.005798652457006398,1.0,0.6844666180348964,0.0,0.0,0.0,nan,nan,nan,nan,nan,0.0,nan,nan,nan,nan,1566.176908032503,8691.6728515625,,,,,,,,,,
39,1,39,0.0,128.0,128.0,0.5984194865450263,0.0,74.0,0.0,0.0,0.0,0.0,0.0,0.0,0.0,0.0,0.0,0.6,0.005798652457006398,1.0,0.6824007255428686,0.0,0.0,0.0,nan,nan,nan,nan,nan,0.0,nan,nan,nan,nan,1569.1638839780353,8691.6728515625,,,,,,,,,,
40,1,40,0.0,58.0,58.0,0.4595983182561808,0.0,74.0,0.0,0.0,0.0,0.0,0.0,0.0,0.0,0.0,0.0,0.6,0.005798652457006398,1.0,0.6843007546295625,0.0,0.0,0.0,nan,nan,nan,nan,nan,0.0,nan,nan,nan,nan,765.431068954058,5837.74951171875,,,,,,,,,,
41,1,41,0.0,128.0,128.0,0.4830591520294547,0.0,74.0,0.0,0.0,0.0,0.0,0.0,0.0,0.0,0.0,0.0,0.6,0.005798652457006398,1.0,0.6859212232322233,0.0,0.0,0.0,nan,nan,nan,nan,nan,0.0,nan,nan,nan,nan,1571.2256740080193,8691.6728515625,,,,,,,,,,
42,1,42,0.0,128.0,128.0,0.47906808368861675,0.0,74.0,0.0,0.0,0.0,0.0,0.0,0.0,0.0,0.0,0.0,0.6,0.005798652457006398,1.0,0.6849524704368022,0.0,0.0,0.0,nan,nan,nan,nan,nan,0.0,nan,nan,nan,nan,1570.884841028601,8691.6728515625,,,,,,,,,,
43,1,43,0.0,128.0,128.0,0.49900665087625384,0.0,74.0,0.0,0.0,0.0,0.0,0.0,0.0,0.0,0.0,0.0,0.6,0.005798652457006398,1.0,0.6846132325566288,0.0,0.0,0.0,nan,nan,nan,nan,nan,0.0,nan,nan,nan,nan,1562.5647130073048,8691.6728515625,,,,,,,,,,
44,1,44,0.0,128.0,128.0,0.5113949680235237,0.0,74.0,0.0,0.0,0.0,0.0,0.0,0.0,0.0,0.0,0.0,0.6,0.005798652457006398,1.0,0.6846196451218717,0.0,0.0,0.0,nan,nan,nan,nan,nan,0.0,nan,nan,nan,nan,1571.2188889738172,8691.6728515625,,,,,,,,,,
45,1,45,0.0,128.0,128.0,0.5111535373143852,0.0,74.0,0.0,0.0,0.0,0.0,0.0,0.0,0.0,0.0,0.0,0.6,0.005798652457006398,1.0,0.6824022318880539,0.0,0.0,0.0,nan,nan,nan,nan,nan,0.0,nan,nan,nan,nan,1570.093244954478,8691.6728515625,,,,,,,,,,
46,1,46,0.0,128.0,128.0,0.47333819046616554,0.0,74.0,0.0,0.0,0.0,0.0,0.0,0.0,0.0,0.0,0.0,0.6,0.005798652457006398,1.0,0.6809929755540465,0.0,0.0,0.0,nan,nan,nan,nan,nan,0.0,nan,nan,nan,nan,1571.515941992402,8691.6728515625,,,,,,,,,,
47,1,47,0.0,128.0,128.0,0.49954777117818594,0.0,74.0,0.0,0.0,0.0,0.0,0.0,0.0,0.0,0.0,0.0,0.6,0.005798652457006398,1.0,0.6830387264793043,0.0,0.0,0.0,nan,nan,nan,nan,nan,0.0,nan,nan,nan,nan,1589.1384049900807,8691.6728515625,,,,,,,,,,
48,1,48,0.0,128.0,128.0,0.4569668418262154,0.0,74.0,0.0,0.0,0.0,0.0,0.0,0.0,0.0,0.0,0.0,0.6,0.005798652457006398,1.0,0.6844876359329527,0.0,0.0,0.0,nan,nan,nan,nan,nan,0.0,nan,nan,nan,nan,1659.5990830101073,8691.6728515625,,,,,,,,,,
49,1,49,0.0,128.0,128.0,0.3662836900912225,0.0,74.0,0.0,0.0,0.0,0.0,0.0,0.0,0.0,0.0,0.0,0.6,0.005798652457006398,1.0,0.6828710625800195,0.0,0.0,0.0,nan,nan,nan,nan,nan,0.0,nan,nan,nan,nan,1588.3094849996269,8691.6728515625,,,,,,,,,,
50,1,50,0.0,128.0,128.0,0.39760166173800826,0.0,74.0,0.0,0.0,0.0,0.0,0.0,0.0,0.0,0.0,0.0,0.6,0.005798652457006398,1.0,0.6849307750227032,0.0,0.0,0.0,nan,nan,nan,nan,nan,0.0,nan,nan,nan,nan,1579.5635569957085,8691.6728515625,,,,,,,,,,
51,1,51,0.0,128.0,128.0,0.4655015238095075,0.0,74.0,0.0,0.0,0.0,0.0,0.0,0.0,0.0,0.0,0.0,0.6,0.005798652457006398,1.0,0.6794148809563874,0.0,0.0,0.0,nan,nan,nan,nan,nan,0.0,nan,nan,nan,nan,1569.9996930197813,8691.6728515625,,,,,,,,,,
52,1,52,0.0,128.0,128.0,0.5176742672920227,0.0,74.0,0.0,0.0,0.0,0.0,0.0,0.0,0.0,0.0,0.0,0.6,0.005798652457006398,1.0,0.6826527315064334,0.0,0.0,0.0,nan,nan,nan,nan,nan,0.0,nan,nan,nan,nan,1578.4998830058612,8691.6728515625,,,,,,,,,,
53,1,53,0.0,128.0,128.0,0.45415783766657114,0.0,74.0,0.0,0.0,0.0,0.0,0.0,0.0,0.0,0.0,0.0,0.6,0.005798652457006398,1.0,0.6833415919156242,0.0,0.0,0.0,nan,nan,nan,nan,nan,0.0,nan,nan,nan,nan,1575.9108620113693,8691.6728515625,,,,,,,,,,
54,1,54,0.0,128.0,128.0,0.44112171651795506,0.0,74.0,0.0,0.0,0.0,0.0,0.0,0.0,0.0,0.0,0.0,0.6,0.005798652457006398,1.0,0.6813052414019661,0.0,0.0,0.0,nan,nan,nan,nan,nan,0.0,nan,nan,nan,nan,1574.360730999615,8691.6728515625,,,,,,,,,,
55,1,55,0.0,128.0,128.0,0.3979105579201132,0.0,74.0,0.0,0.0,0.0,0.0,0.0,0.0,0.0,0.0,0.0,0.6,0.005798652457006398,1.0,0.6805051973412425,0.0,0.0,0.0,nan,nan,nan,nan,nan,0.0,nan,nan,nan,nan,1578.3095170045272,8691.6728515625,,,,,,,,,,
56,1,56,0.0,128.0,128.0,0.47453761054202914,0.0,74.0,0.0,0.0,0.0,0.0,0.0,0.0,0.0,0.0,0.0,0.6,0.005798652457006398,1.0,0.6818335570809307,0.0,0.0,0.0,nan,nan,nan,nan,nan,0.0,nan,nan,nan,nan,1574.5054080034606,8691.6728515625,,,,,,,,,,
57,1,57,0.0,128.0,128.0,0.40444669406861067,0.0,74.0,0.0,0.0,0.0,0.0,0.0,0.0,0.0,0.0,0.0,0.6,0.005798652457006398,1.0,0.6811204859421482,0.0,0.0,0.0,nan,nan,nan,nan,nan,0.0,nan,nan,nan,nan,1580.5701510398649,8691.6728515625,,,,,,,,,,
58,1,58,0.0,128.0,128.0,0.41772518516518176,0.0,74.0,0.0,0.0,0.0,0.0,0.0,0.0,0.0,0.0,0.0,0.6,0.005798652457006398,1.0,0.6837822837168087,0.0,0.0,0.0,nan,nan,nan,nan,nan,0.0,nan,nan,nan,nan,1573.3571140444838,8691.6728515625,,,,,,,,,,
59,1,59,0.0,128.0,128.0,0.39249671343714,0.0,74.0,0.0,0.0,0.0,0.0,0.0,0.0,0.0,0.0,0.0,0.6,0.005798652457006398,1.0,0.6827767626033231,0.0,0.0,0.0,nan,nan,nan,nan,nan,0.0,nan,nan,nan,nan,1567.868995014578,8691.6728515625,,,,,,,,,,
60,1,60,0.0,58.0,58.0,0.45244129361777463,0.0,74.0,0.0,0.0,0.0,0.0,0.0,0.0,0.0,0.0,0.0,0.6,0.005798652457006398,1.0,0.676623193357225,0.0,0.0,0.0,nan,nan,nan,nan,nan,0.0,nan,nan,nan,nan,767.8562470246106,5837.74951171875,,,,,,,,,,
61,1,61,0.0,128.0,128.0,0.3310002258513123,0.0,74.0,0.0,0.0,0.0,0.0,0.0,0.0,0.0,0.0,0.0,0.6,0.005798652457006398,1.0,0.6824697903557687,0.0,0.0,0.0,nan,nan,nan,nan,nan,0.0,nan,nan,nan,nan,1577.1484490251169,8691.6728515625,,,,,,,,,,
62,1,62,0.0,128.0,128.0,0.3242905444931239,0.0,74.0,0.0,0.0,0.0,0.0,0.0,0.0,0.0,0.0,0.0,0.6,0.005798652457006398,1.0,0.6829236291411602,0.0,0.0,0.0,nan,nan,nan,nan,nan,0.0,nan,nan,nan,nan,1577.5444000028074,8691.6728515625,,,,,,,,,,
63,1,63,0.0,128.0,128.0,0.3275453452952206,0.0,74.0,0.0,0.0,0.0,0.0,0.0,0.0,0.0,0.0,0.0,0.6,0.005798652457006398,1.0,0.6839035061686816,0.0,0.0,0.0,nan,nan,nan,nan,nan,0.0,nan,nan,nan,nan,1577.6441399939358,8691.6728515625,,,,,,,,,,
64,1,64,0.0,128.0,128.0,0.31247122772037983,0.0,74.0,0.0,0.0,0.0,0.0,0.0,0.0,0.0,0.0,0.0,0.6,0.005798652457006398,1.0,0.6830126706231039,0.0,0.0,0.0,nan,nan,nan,nan,nan,0.0,nan,nan,nan,nan,1583.6584999924526,8691.6728515625,,,,,,,,,,
65,1,65,0.0,128.0,128.0,0.31129536824300885,0.0,74.0,0.0,0.0,0.0,0.0,0.0,0.0,0.0,0.0,0.0,0.6,0.005798652457006398,1.0,0.6835650929238429,0.0,0.0,0.0,nan,nan,nan,nan,nan,0.0,nan,nan,nan,nan,1565.6519809854217,8691.6728515625,,,,,,,,,,
66,1,66,0.0,128.0,128.0,0.36086209304630756,0.0,74.0,0.0,0.0,0.0,0.0,0.0,0.0,0.0,0.0,0.0,0.6,0.005798652457006398,1.0,0.6849434723673291,0.0,0.0,0.0,nan,nan,nan,nan,nan,0.0,nan,nan,nan,nan,1639.2505050171167,8691.6728515625,,,,,,,,,,
67,1,67,0.0,128.0,128.0,0.37989618722349405,0.0,74.0,0.0,0.0,0.0,0.0,0.0,0.0,0.0,0.0,0.0,0.6,0.005798652457006398,1.0,0.6821412392746291,0.0,0.0,0.0,nan,nan,nan,nan,nan,0.0,nan,nan,nan,nan,1571.4380239951424,8691.6728515625,,,,,,,,,,
68,1,68,0.0,128.0,128.0,0.27506902953609824,0.0,74.0,0.0,0.0,0.0,0.0,0.0,0.0,0.0,0.0,0.0,0.6,0.005798652457006398,1.0,0.6867172590384895,0.0,0.0,0.0,nan,nan,nan,nan,nan,0.0,nan,nan,nan,nan,1568.698488001246,8691.6728515625,,,,,,,,,,
69,1,69,0.0,128.0,128.0,0.44911045115441084,0.0,74.0,0.0,0.0,0.0,0.0,0.0,0.0,0.0,0.0,0.0,0.6,0.005798652457006398,1.0,0.6826084620854822,0.0,0.0,0.0,nan,nan,nan,nan,nan,0.0,nan,nan,nan,nan,1565.9760530106723,8691.6728515625,,,,,,,,,,
70,1,70,0.0,128.0,128.0,0.32208992005325854,0.0,74.0,0.0,0.0,0.0,0.0,0.0,0.0,0.0,0.0,0.0,0.6,0.005798652457006398,1.0,0.6787956783065549,0.0,0.0,0.0,nan,nan,nan,nan,nan,0.0,nan,nan,nan,nan,1568.3685260009952,8691.6728515625,,,,,,,,,,
71,1,71,0.0,128.0,128.0,0.3483974477276206,0.0,74.0,0.0,0.0,0.0,0.0,0.0,0.0,0.0,0.0,0.0,0.6,0.005798652457006398,1.0,0.6847441255545168,0.0,0.0,0.0,nan,nan,nan,nan,nan,0.0,nan,nan,nan,nan,1575.3422330017202,8691.6728515625,,,,,,,,,,
72,1,72,0.0,128.0,128.0,0.33595064864493906,0.0,74.0,0.0,0.0,0.0,0.0,0.0,0.0,0.0,0.0,0.0,0.6,0.005798652457006398,1.0,0.6837722182873175,0.0,0.0,0.0,nan,nan,nan,nan,nan,0.0,nan,nan,nan,nan,1581.5805440070108,8691.6728515625,,,,,,,,,,
73,1,73,0.0,128.0,128.0,0.46597217209637165,0.0,74.0,0.0,0.0,0.0,0.0,0.0,0.0,0.0,0.0,0.0,0.6,0.005798652457006398,1.0,0.6802903566386158,0.0,0.0,0.0,nan,nan,nan,nan,nan,0.0,nan,nan,nan,nan,1585.1069199852645,8691.6728515625,,,,,,,,,,
74,1,74,0.0,128.0,128.0,0.35753624129574746,0.0,74.0,0.0,0.0,0.0,0.0,0.0,0.0,0.0,0.0,0.0,0.6,0.005798652457006398,1.0,0.6810537442733224,0.0,0.0,0.0,nan,nan,nan,nan,nan,0.0,nan,nan,nan,nan,1578.648960974533,8691.6728515625,,,,,,,,,,
75,1,75,0.0,128.0,128.0,0.33979602181352675,0.0,74.0,0.0,0.0,0.0,0.0,0.0,0.0,0.0,0.0,0.0,0.6,0.005798652457006398,1.0,0.6839631748243739,0.0,0.0,0.0,nan,nan,nan,nan,nan,0.0,nan,nan,nan,nan,1568.8494230271317,8691.6728515625,,,,,,,,,,
76,1,76,0.0,128.0,128.0,0.2896909601986408,0.0,74.0,0.0,0.0,0.0,0.0,0.0,0.0,0.0,0.0,0.0,0.6,0.005798652457006398,1.0,0.684182156797831,0.0,0.0,0.0,nan,nan,nan,nan,nan,0.0,nan,nan,nan,nan,1575.7992430008017,8691.6728515625,,,,,,,,,,
77,1,77,0.0,128.0,128.0,0.34546036552637815,0.0,74.0,0.0,0.0,0.0,0.0,0.0,0.0,0.0,0.0,0.0,0.6,0.005798652457006398,1.0,0.6801859173098348,0.0,0.0,0.0,nan,nan,nan,nan,nan,0.0,nan,nan,nan,nan,1579.4919150066562,8691.6728515625,,,,,,,,,,
78,1,78,0.0,128.0,128.0,0.31309132755268365,0.0,74.0,0.0,0.0,0.0,0.0,0.0,0.0,0.0,0.0,0.0,0.6,0.005798652457006398,1.0,0.6846743615869484,0.0,0.0,0.0,nan,nan,nan,nan,nan,0.0,nan,nan,nan,nan,1586.662516987417,8691.6728515625,,,,,,,,,,
79,1,79,0.0,128.0,128.0,0.3482625847682357,0.0,74.0,0.0,0.0,0.0,0.0,0.0,0.0,0.0,0.0,0.0,0.6,0.005798652457006398,1.0,0.6840476174962031,0.0,0.0,0.0,nan,nan,nan,nan,nan,0.0,nan,nan,nan,nan,1579.970257007517,8691.6728515625,,,,,,,,,,
80,1,80,0.0,58.0,58.0,0.23426027287696974,0.0,74.0,0.0,0.0,0.0,0.0,0.0,0.0,0.0,0.0,0.0,0.6,0.005798652457006398,1.0,0.6834465023536823,0.0,0.0,0.0,nan,nan,nan,nan,nan,0.0,nan,nan,nan,nan,763.1806869758293,5837.74951171875,,,,,,,,,,
81,1,81,0.0,128.0,128.0,0.2781240614131093,0.0,74.0,0.0,0.0,0.0,0.0,0.0,0.0,0.0,0.0,0.0,0.6,0.005798652457006398,1.0,0.6818118204676633,0.0,0.0,0.0,nan,nan,nan,nan,nan,0.0,nan,nan,nan,nan,1592.702774971258,8691.6728515625,,,,,,,,,,
82,1,82,0.0,128.0,128.0,0.3094897654373199,0.0,74.0,0.0,0.0,0.0,0.0,0.0,0.0,0.0,0.0,0.0,0.6,0.005798652457006398,1.0,0.6838198499100647,0.0,0.0,0.0,nan,nan,nan,nan,nan,0.0,nan,nan,nan,nan,1583.8157620164566,8691.6728515625,,,,,,,,,,
83,1,83,0.0,128.0,128.0,0.32073580799624324,0.0,74.0,0.0,0.0,0.0,0.0,0.0,0.0,0.0,0.0,0.0,0.6,0.005798652457006398,1.0,0.680806626507032,0.0,0.0,0.0,nan,nan,nan,nan,nan,0.0,nan,nan,nan,nan,1574.8004039633088,8691.6728515625,,,,,,,,,,
84,1,84,0.0,128.0,128.0,0.27296129195019603,0.0,74.0,0.0,0.0,0.0,0.0,0.0,0.0,0.0,0.0,0.0,0.6,0.005798652457006398,1.0,0.6822286811154287,0.0,0.0,0.0,nan,nan,nan,nan,nan,0.0,nan,nan,nan,nan,1669.7572710108943,8691.6728515625,,,,,,,,,,
85,1,85,0.0,128.0,128.0,0.33888728194870055,0.0,74.0,0.0,0.0,0.0,0.0,0.0,0.0,0.0,0.0,0.0,0.6,0.005798652457006398,1.0,0.6825133930584416,0.0,0.0,0.0,nan,nan,nan,nan,nan,0.0,nan,nan,nan,nan,1585.4075420065783,8691.6728515625,,,,,,,,,,
86,1,86,0.0,128.0,128.0,0.2711132919648662,0.0,74.0,0.0,0.0,0.0,0.0,0.0,0.0,0.0,0.0,0.0,0.6,0.005798652457006398,1.0,0.6868805148750617,0.0,0.0,0.0,nan,nan,nan,nan,nan,0.0,nan,nan,nan,nan,1593.5079460032284,8691.6728515625,,,,,,,,,,
87,1,87,0.0,128.0,128.0,0.24866052879951894,0.0,74.0,0.0,0.0,0.0,0.0,0.0,0.0,0.0,0.0,0.0,0.6,0.005798652457006398,1.0,0.6816195734708513,0.0,0.0,0.0,nan,nan,nan,nan,nan,0.0,nan,nan,nan,nan,1580.7362860068679,8691.6728515625,,,,,,,,,,
88,1,88,0.0,128.0,128.0,0.29245752561837435,0.0,74.0,0.0,0.0,0.0,0.0,0.0,0.0,0.0,0.0,0.0,0.6,0.005798652457006398,1.0,0.6805744585803564,0.0,0.0,0.0,nan,nan,nan,nan,nan,0.0,nan,nan,nan,nan,1582.0823760004714,8691.6728515625,,,,,,,,,,
89,1,89,0.0,128.0,128.0,0.30657371040433645,0.0,74.0,0.0,0.0,0.0,0.0,0.0,0.0,0.0,0.0,0.0,0.6,0.005798652457006398,1.0,0.6841958805938401,0.0,0.0,0.0,nan,nan,nan,nan,nan,0.0,nan,nan,nan,nan,1582.3993819649331,8691.6728515625,,,,,,,,,,
90,1,90,0.0,128.0,128.0,0.29027941823005676,0.0,74.0,0.0,0.0,0.0,0.0,0.0,0.0,0.0,0.0,0.0,0.6,0.005798652457006398,1.0,0.6833009318262047,0.0,0.0,0.0,nan,nan,nan,nan,nan,0.0,nan,nan,nan,nan,1580.6822100421414,8691.6728515625,,,,,,,,,,
91,1,91,0.0,128.0,128.0,0.2510438123717904,0.0,74.0,0.0,0.0,0.0,0.0,0.0,0.0,0.0,0.0,0.0,0.6,0.005798652457006398,1.0,0.6835135121242804,0.0,0.0,0.0,nan,nan,nan,nan,nan,0.0,nan,nan,nan,nan,1582.476616022177,8691.6728515625,,,,,,,,,,
92,1,92,0.0,128.0,128.0,0.2543557866010815,0.0,74.0,0.0,0.0,0.0,0.0,0.0,0.0,0.0,0.0,0.0,0.6,0.005798652457006398,1.0,0.6783634725574582,0.0,0.0,0.0,nan,nan,nan,nan,nan,0.0,nan,nan,nan,nan,1582.8077330370434,8691.6728515625,,,,,,,,,,
93,1,93,0.0,128.0,128.0,0.269110286841169,0.0,74.0,0.0,0.0,0.0,0.0,0.0,0.0,0.0,0.0,0.0,0.6,0.005798652457006398,1.0,0.6840827149207417,0.0,0.0,0.0,nan,nan,nan,nan,nan,0.0,nan,nan,nan,nan,1575.3081569564529,8691.6728515625,,,,,,,,,,
94,1,94,0.0,128.0,128.0,0.276110045844689,0.0,74.0,0.0,0.0,0.0,0.0,0.0,0.0,0.0,0.0,0.0,0.6,0.005798652457006398,1.0,0.6817782120981499,0.0,0.0,0.0,nan,nan,nan,nan,nan,0.0,nan,nan,nan,nan,1584.0891880216077,8691.6728515625,,,,,,,,,,
95,1,95,0.0,128.0,128.0,0.2638112485874444,0.0,74.0,0.0,0.0,0.0,0.0,0.0,0.0,0.0,0.0,0.0,0.6,0.005798652457006398,1.0,0.6844369057957967,0.0,0.0,0.0,nan,nan,nan,nan,nan,0.0,nan,nan,nan,nan,1574.4482959853485,8691.6728515625,,,,,,,,,,
96,1,96,0.0,128.0,128.0,0.2704544690204784,0.0,74.0,0.0,0.0,0.0,0.0,0.0,0.0,0.0,0.0,0.0,0.6,0.005798652457006398,1.0,0.6850535859340359,0.0,0.0,0.0,nan,nan,nan,nan,nan,0.0,nan,nan,nan,nan,1581.9603079580702,8691.6728515625,,,,,,,,,,
97,1,97,0.0,128.0,128.0,0.34865291649475694,0.0,74.0,0.0,0.0,0.0,0.0,0.0,0.0,0.0,0.0,0.0,0.6,0.005798652457006398,1.0,0.6848911296111483,0.0,0.0,0.0,nan,nan,nan,nan,nan,0.0,nan,nan,nan,nan,1582.680427993182,8691.6728515625,,,,,,,,,,
98,1,98,0.0,128.0,128.0,0.2813714144285768,0.0,74.0,0.0,0.0,0.0,0.0,0.0,0.0,0.0,0.0,0.0,0.6,0.005798652457006398,1.0,0.6841372064151533,0.0,0.0,0.0,nan,nan,nan,nan,nan,0.0,nan,nan,nan,nan,1570.4951150109991,8691.6728515625,,,,,,,,,,
99,1,99,0.0,128.0,128.0,0.2702269032597542,0.0,74.0,0.0,0.0,0.0,0.0,0.0,0.0,0.0,0.0,0.0,0.6,0.005798652457006398,1.0,0.6827796066487336,0.0,0.0,0.0,nan,nan,nan,nan,nan,0.0,nan,nan,nan,nan,1576.9153019646183,8691.6728515625,,,,,,,,,,
100,1,100,0.0,58.0,58.0,0.31689014619794387,0.0,74.0,0.0,0.0,0.0,0.0,0.0,0.0,0.0,0.0,0.0,0.6,0.005798652457006398,1.0,0.6867264160987633,0.0,0.0,0.0,nan,nan,nan,nan,nan,0.0,nan,nan,nan,nan,765.8922229893506,5837.74951171875,,,,,,,,,,
100,1,,1.0,128.0,128.0,,,,,,,,,,,,,,,1.0,0.6867264160987633,0.0,0.0,0.0,nan,nan,nan,nan,nan,0.0,nan,nan,nan,nan,765.8922229893506,5837.74951171875,0.8375451263537906,0.3959148128827413,0.8375451263537906,0.39433876673380536,0.9381526104417671,0.233041912317276,0.10060748408797648,0.9369477911646586,0.23735809177160264,0.09940266481086801
