step,epoch,step_in_epoch,probe/is_eval,sys/effective_batch_size,sys/device_batch_size,train/loss,train/gate0_triggered_blocks,train/gate0_considered_blocks,train/gate0_trigger_rate,train/pull_to_r_blocks,train/pull_to_R_blocks,train/pull_to_r_rate,train/pull_to_R_rate,train/alpha_pull_mean,train/alpha_pull_to_r_mean,train/alpha_pull_to_R_mean,train/single_vote_skipped_blocks,train/tau_N,train/tau_D,diag/info_retention_ratio,diag/residual_visibility,diag/conflict_resolution_rate,train/expert_load_r,train/expert_load_R,train/load_cv,train/load_max_min_ratio,train/utilization_ratio,train/routing_entropy,train/routing_entropy_raw,train/active_experts,train/expert_purity,train/intra_expert_coherence,train/intra_expert_conflict,train/inter_expert_similarity,sys/time_per_step_ms,sys/peak_memory_mb,val/acc,val/loss,val/acc_r_only,val/loss_r_only,train/acc,train/loss_eval,gap/train_minus_val,train/acc_r_only,train/loss_r_only_eval,gap_r_only/train_minus_val_r_only
1,1,1,0.0,128.0,128.0,0.8097552340477705,54.0,74.0,0.7297297297297297,3.0,51.0,0.05555555555555555,0.9444444444444444,0.15060258490782516,0.14415832651232943,0.1509816589310896,0.0,0.6,0.008,1.0000000000006877,0.6489589666603743,2.034376164536783e-09,3.0,51.0,0.8888888888888888,17.0,1.0,0.3095434002964257,0.21455913517640599,2.0,0.5072061699141616,-0.010399073403927364,0.5051995367019637,-0.009665046542360969,2230.604105978273,8635.3330078125,,,,,,,,,,
2,1,2,0.0,128.0,128.0,0.7484020926058292,49.0,74.0,0.6621621621621622,3.0,46.0,0.061224489795918366,0.9387755102040817,0.15109946845048733,0.14430050714902956,0.15154287897014765,0.0,0.6,0.008,0.9999999999885093,0.6501149479033623,6.935017713915594e-09,3.0,46.0,0.8775510204081632,15.333333333333334,1.0,0.33228660136771543,0.2303235208758784,2.0,0.507895633493542,-0.00012548531555181075,0.500062742657776,-0.009276078085293146,1668.3561090612784,9028.13720703125,,,,,,,,,,
3,1,3,0.0,128.0,128.0,0.6408398244529963,22.0,74.0,0.2972972972972973,2.0,20.0,0.09090909090909091,0.9090909090909091,0.15064804086958647,0.14474427134874057,0.15123841782167105,0.0,0.6,0.008,0.9999999999959395,0.6600459845616591,-2.2866225513569295e-09,2.0,20.0,0.8181818181818182,10.0,1.0,0.43949695806761335,0.3046360773492387,2.0,0.5078117916803,-0.001178961377480023,0.50058948068874,-0.006025538693390583,1727.1186410216615,8784.2392578125,,,,,,,,,,
4,1,4,0.0,128.0,128.0,0.655743638984859,25.0,74.0,0.33783783783783783,0.0,25.0,0.0,1.0,0.15025794221426444,0.0,0.15025794221426444,0.0,0.6,0.008,0.9999999999982244,0.6521531883266531,8.263567582557626e-09,0.0,25.0,1.0,nan,0.5,-1.4426950249075512e-08,-9.999999889225291e-09,1.0,0.5032504962596951,-0.0005158157291589305,0.5002579078645795,nan,1608.7266569957137,8772.1455078125,,,,,,,,,,
5,1,5,0.0,128.0,128.0,0.6372897308319807,49.0,74.0,0.6621621621621622,0.0,49.0,0.0,1.0,0.1505070106376351,0.0,0.1505070106376351,0.0,0.6,0.008,0.9999999998669745,0.6648204036712344,2.160426984152352e-09,0.0,49.0,1.0,nan,0.5,-1.4426950249075512e-08,-9.999999889225291e-09,1.0,0.5036296870262125,-5.323729896727094e-05,0.5000266186494836,nan,1623.474316089414,9011.1865234375,,,,,,,,,,
6,1,6,0.0,128.0,128.0,0.6075228499248624,52.0,74.0,0.7027027027027027,0.0,52.0,0.0,1.0,0.15020591300466296,0.0,0.15020591300466296,0.0,0.6,0.008,1.000000000321718,0.6694011075608167,-3.956768621926771e-10,0.0,52.0,1.0,nan,0.5,-1.4426950249075512e-08,-9.999999889225291e-09,1.0,0.5026003583148955,-2.2743892041034998e-05,0.5000113719460205,nan,1631.0012210160494,9067.91748046875,,,,,,,,,,
7,1,7,0.0,128.0,128.0,0.6213818090036511,47.0,74.0,0.6351351351351351,0.0,47.0,0.0,1.0,0.150519896032423,0.0,0.150519896032423,0.0,0.6,0.008,0.9999999979755746,0.6618301281958768,1.5873412347618142e-09,0.0,47.0,1.0,nan,0.5,-1.4426950249075512e-08,-9.999999889225291e-09,1.0,0.5040606414470286,-1.9822540630678267e-05,0.5000099112703154,nan,1621.1911330465227,9004.4365234375,,,,,,,,,,
8,1,8,0.0,128.0,128.0,0.598744205199182,26.0,74.0,0.35135135135135137,2.0,24.0,0.07692307692307693,0.9230769230769231,0.15119983697318093,0.1433751222176947,0.15185189653613812,0.0,0.6,0.008,1.0000000000453917,0.6779483231952778,1.8485017100427447e-09,2.0,24.0,0.8461538461538461,12.0,1.0,0.3912435347753558,0.27118935304184477,2.0,0.508686631687021,-0.0004768212456838228,0.5002384106228419,-0.011515829770674928,1610.5942550348118,8788.4892578125,,,,,,,,,,
9,1,9,0.0,128.0,128.0,0.6075969906523824,17.0,74.0,0.22972972972972974,0.0,17.0,0.0,1.0,0.1498888853836838,0.0,0.1498888853836838,0.0,0.6,0.008,0.9999999999194911,0.6856942285134482,-6.105362801166792e-10,0.0,17.0,1.0,nan,0.5,-1.4426950249075512e-08,-9.999999889225291e-09,1.0,0.5033678682947451,-0.0008013918682853779,0.5004006959341427,nan,1610.3545950027183,8764.16455078125,,,,,,,,,,
10,1,10,0.0,128.0,128.0,0.663065580651164,16.0,74.0,0.21621621621621623,0.0,16.0,0.0,1.0,0.15056548257155947,0.0,0.15056548257155947,0.0,0.6,0.008,1.0000000000278204,0.6680699197411852,8.634516928403842e-10,0.0,16.0,1.0,nan,0.5,-1.4426950249075512e-08,-9.999999889225291e-09,1.0,0.5025430038269061,-0.0004275120407565618,0.5002137560203783,nan,1604.399132891558,8748.21875,,,,,,,,,,
11,1,11,0.0,128.0,128.0,0.5994743341580033,0.0,74.0,0.0,0.0,0.0,0.0,0.0,0.0,0.0,0.0,0.0,0.6,0.008,1.0,0.6852658538215489,0.0,0.0,0.0,nan,nan,nan,nan,nan,0.0,nan,nan,nan,nan,1603.3443650230765,8757.56787109375,,,,,,,,,,
12,1,12,0.0,128.0,128.0,0.5968944812193513,0.0,74.0,0.0,0.0,0.0,0.0,0.0,0.0,0.0,0.0,0.0,0.6,0.008,1.0,0.6830272074289689,0.0,0.0,0.0,nan,nan,nan,nan,nan,0.0,nan,nan,nan,nan,1600.579226971604,8698.046875,,,,,,,,,,
13,1,13,0.0,128.0,128.0,0.5729399994015694,0.0,74.0,0.0,0.0,0.0,0.0,0.0,0.0,0.0,0.0,0.0,0.6,0.008,1.0,0.6784601672624332,0.0,0.0,0.0,nan,nan,nan,nan,nan,0.0,nan,nan,nan,nan,1705.7780689792708,8712.6552734375,,,,,,,,,,
14,1,14,0.0,128.0,128.0,0.5310995643958449,0.0,74.0,0.0,0.0,0.0,0.0,0.0,0.0,0.0,0.0,0.0,0.6,0.008,1.0,0.6743448008994929,0.0,0.0,0.0,nan,nan,nan,nan,nan,0.0,nan,nan,nan,nan,1606.3143749488518,8724.1767578125,,,,,,,,,,
15,1,15,0.0,128.0,128.0,0.5262732501141727,0.0,74.0,0.0,0.0,0.0,0.0,0.0,0.0,0.0,0.0,0.0,0.6,0.008,1.0,0.6831582316324053,0.0,0.0,0.0,nan,nan,nan,nan,nan,0.0,nan,nan,nan,nan,1603.9237000513822,8698.046875,,,,,,,,,,
16,1,16,0.0,128.0,128.0,0.5570354564115405,0.0,74.0,0.0,0.0,0.0,0.0,0.0,0.0,0.0,0.0,0.0,0.6,0.008,1.0,0.6837272068567418,0.0,0.0,0.0,nan,nan,nan,nan,nan,0.0,nan,nan,nan,nan,1603.4887599525973,8707.193359375,,,,,,,,,,
17,1,17,0.0,128.0,128.0,0.4971272393595427,0.0,74.0,0.0,0.0,0.0,0.0,0.0,0.0,0.0,0.0,0.0,0.6,0.008,1.0,0.683972762455546,0.0,0.0,0.0,nan,nan,nan,nan,nan,0.0,nan,nan,nan,nan,1595.8383399993181,8693.26171875,,,,,,,,,,
18,1,18,0.0,128.0,128.0,0.5787200913764536,0.0,74.0,0.0,0.0,0.0,0.0,0.0,0.0,0.0,0.0,0.0,0.6,0.008,1.0,0.6820858707538482,0.0,0.0,0.0,nan,nan,nan,nan,nan,0.0,nan,nan,nan,nan,1607.2153430432081,8693.26171875,,,,,,,,,,
19,1,19,0.0,128.0,128.0,0.6107235006056726,0.0,74.0,0.0,0.0,0.0,0.0,0.0,0.0,0.0,0.0,0.0,0.6,0.008,1.0,0.6834422751215624,0.0,0.0,0.0,nan,nan,nan,nan,nan,0.0,nan,nan,nan,nan,1610.9414990060031,8701.3994140625,,,,,,,,,,
20,1,20,0.0,128.0,128.0,0.40453277179040015,0.0,74.0,0.0,0.0,0.0,0.0,0.0,0.0,0.0,0.0,0.0,0.6,0.008,1.0,0.6827400245118209,0.0,0.0,0.0,nan,nan,nan,nan,nan,0.0,nan,nan,nan,nan,1613.7172790477052,8703.181640625,,,,,,,,,,
21,1,21,0.0,128.0,128.0,0.4884133709128946,0.0,74.0,0.0,0.0,0.0,0.0,0.0,0.0,0.0,0.0,0.0,0.6,0.008,1.0,0.6802228482219767,0.0,0.0,0.0,nan,nan,nan,nan,nan,0.0,nan,nan,nan,nan,1611.2071430543438,8707.9150390625,,,,,,,,,,
22,1,22,0.0,128.0,128.0,0.4712984003126621,0.0,74.0,0.0,0.0,0.0,0.0,0.0,0.0,0.0,0.0,0.0,0.6,0.008,1.0,0.6816279116061452,0.0,0.0,0.0,nan,nan,nan,nan,nan,0.0,nan,nan,nan,nan,1607.0840960601345,8707.193359375,,,,,,,,,,
23,1,23,0.0,128.0,128.0,0.4310312089510262,0.0,74.0,0.0,0.0,0.0,0.0,0.0,0.0,0.0,0.0,0.0,0.6,0.008,1.0,0.6780534596195715,0.0,0.0,0.0,nan,nan,nan,nan,nan,0.0,nan,nan,nan,nan,1599.2016399977729,8695.5830078125,,,,,,,,,,
24,1,24,0.0,128.0,128.0,0.40508602978661656,0.0,74.0,0.0,0.0,0.0,0.0,0.0,0.0,0.0,0.0,0.0,0.6,0.008,1.0,0.6786522324998638,0.0,0.0,0.0,nan,nan,nan,nan,nan,0.0,nan,nan,nan,nan,1606.167983962223,8707.9150390625,,,,,,,,,,
25,1,25,0.0,128.0,128.0,0.5207588024204597,0.0,74.0,0.0,0.0,0.0,0.0,0.0,0.0,0.0,0.0,0.0,0.6,0.008,1.0,0.675824128202833,0.0,0.0,0.0,nan,nan,nan,nan,nan,0.0,nan,nan,nan,nan,1608.7381090037525,8707.193359375,,,,,,,,,,
26,1,26,0.0,128.0,128.0,0.46688698581419885,0.0,74.0,0.0,0.0,0.0,0.0,0.0,0.0,0.0,0.0,0.0,0.6,0.008,1.0,0.67940328929481,0.0,0.0,0.0,nan,nan,nan,nan,nan,0.0,nan,nan,nan,nan,1594.2708029178903,8707.193359375,,,,,,,,,,
27,1,27,0.0,128.0,128.0,0.3459922313923016,0.0,74.0,0.0,0.0,0.0,0.0,0.0,0.0,0.0,0.0,0.0,0.6,0.008,1.0,0.6837926318471662,0.0,0.0,0.0,nan,nan,nan,nan,nan,0.0,nan,nan,nan,nan,1598.598093027249,8698.046875,,,,,,,,,,
28,1,28,0.0,128.0,128.0,0.4715505206841044,0.0,74.0,0.0,0.0,0.0,0.0,0.0,0.0,0.0,0.0,0.0,0.6,0.008,1.0,0.6792678851731863,0.0,0.0,0.0,nan,nan,nan,nan,nan,0.0,nan,nan,nan,nan,1600.25840299204,8725.0576171875,,,,,,,,,,
29,1,29,0.0,84.0,84.0,0.5359911549659002,0.0,74.0,0.0,0.0,0.0,0.0,0.0,0.0,0.0,0.0,0.0,0.6,0.008,1.0,0.6775336316253545,0.0,0.0,0.0,nan,nan,nan,nan,nan,0.0,nan,nan,nan,nan,1067.1552300918847,6861.99169921875,,,,,,,,,,
30,1,30,0.0,128.0,128.0,0.35901836946140975,0.0,74.0,0.0,0.0,0.0,0.0,0.0,0.0,0.0,0.0,0.0,0.6,0.008,1.0,0.6804515332716711,0.0,0.0,0.0,nan,nan,nan,nan,nan,0.0,nan,nan,nan,nan,1682.3233930626884,8701.8720703125,,,,,,,,,,
31,1,31,0.0,128.0,128.0,0.33085267420392483,0.0,74.0,0.0,0.0,0.0,0.0,0.0,0.0,0.0,0.0,0.0,0.6,0.008,1.0,0.6743245829677207,0.0,0.0,0.0,nan,nan,nan,nan,nan,0.0,nan,nan,nan,nan,1617.4524880480021,8714.755859375,,,,,,,,,,
32,1,32,0.0,128.0,128.0,0.4464919386955444,0.0,74.0,0.0,0.0,0.0,0.0,0.0,0.0,0.0,0.0,0.0,0.6,0.008,1.0,0.6754834406638437,0.0,0.0,0.0,nan,nan,nan,nan,nan,0.0,nan,nan,nan,nan,1615.5287710716948,8698.046875,,,,,,,,,,
33,1,33,0.0,128.0,128.0,0.3725711940205656,0.0,74.0,0.0,0.0,0.0,0.0,0.0,0.0,0.0,0.0,0.0,0.6,0.008,1.0,0.677994413821388,0.0,0.0,0.0,nan,nan,nan,nan,nan,0.0,nan,nan,nan,nan,1607.4974929215387,8693.26171875,,,,,,,,,,
34,1,34,0.0,128.0,128.0,0.46543566521722823,0.0,74.0,0.0,0.0,0.0,0.0,0.0,0.0,0.0,0.0,0.0,0.6,0.008,1.0,0.67598140854275,0.0,0.0,0.0,nan,nan,nan,nan,nan,0.0,nan,nan,nan,nan,1601.8063210649416,8732.6181640625,,,,,,,,,,
35,1,35,0.0,128.0,128.0,0.4085831872653216,0.0,74.0,0.0,0.0,0.0,0.0,0.0,0.0,0.0,0.0,0.0,0.6,0.008,1.0,0.6748452057800945,0.0,0.0,0.0,nan,nan,nan,nan,nan,0.0,nan,nan,nan,nan,1613.0970839876682,8712.6552734375,,,,,,,,,,
36,1,36,0.0,128.0,128.0,0.3730505951680243,0.0,74.0,0.0,0.0,0.0,0.0,0.0,0.0,0.0,0.0,0.0,0.6,0.008,1.0,0.6778719318903956,0.0,0.0,0.0,nan,nan,nan,nan,nan,0.0,nan,nan,nan,nan,1619.248220929876,8707.9150390625,,,,,,,,,,
37,1,37,0.0,128.0,128.0,0.38183577498421073,0.0,74.0,0.0,0.0,0.0,0.0,0.0,0.0,0.0,0.0,0.0,0.6,0.008,1.0,0.6723085338021418,0.0,0.0,0.0,nan,nan,nan,nan,nan,0.0,nan,nan,nan,nan,1605.9092920040712,8698.046875,,,,,,,,,,
38,1,38,0.0,128.0,128.0,0.3519962813006714,0.0,74.0,0.0,0.0,0.0,0.0,0.0,0.0,0.0,0.0,0.0,0.6,0.008,1.0,0.6767319026493662,0.0,0.0,0.0,nan,nan,nan,nan,nan,0.0,nan,nan,nan,nan,1598.766417009756,8698.046875,,,,,,,,,,
39,1,39,0.0,128.0,128.0,0.42405816534301266,0.0,74.0,0.0,0.0,0.0,0.0,0.0,0.0,0.0,0.0,0.0,0.6,0.008,1.0,0.6745177183183034,0.0,0.0,0.0,nan,nan,nan,nan,nan,0.0,nan,nan,nan,nan,1596.9986250856891,8702.9189453125,,,,,,,,,,
40,1,40,0.0,128.0,128.0,0.39651911225519143,0.0,74.0,0.0,0.0,0.0,0.0,0.0,0.0,0.0,0.0,0.0,0.6,0.008,1.0,0.6731517741536268,0.0,0.0,0.0,nan,nan,nan,nan,nan,0.0,nan,nan,nan,nan,1600.2089920220897,8703.181640625,,,,,,,,,,
41,1,41,0.0,128.0,128.0,0.3017548671341501,0.0,74.0,0.0,0.0,0.0,0.0,0.0,0.0,0.0,0.0,0.0,0.6,0.008,1.0,0.6711535682159907,0.0,0.0,0.0,nan,nan,nan,nan,nan,0.0,nan,nan,nan,nan,1608.0227450001985,8707.193359375,,,,,,,,,,
42,1,42,0.0,128.0,128.0,0.32387421280145645,0.0,74.0,0.0,0.0,0.0,0.0,0.0,0.0,0.0,0.0,0.0,0.6,0.008,1.0,0.6765807525788922,0.0,0.0,0.0,nan,nan,nan,nan,nan,0.0,nan,nan,nan,nan,1613.6290520662442,8707.193359375,,,,,,,,,,
43,1,43,0.0,128.0,128.0,0.4052710495889187,0.0,74.0,0.0,0.0,0.0,0.0,0.0,0.0,0.0,0.0,0.0,0.6,0.008,1.0,0.6802642195554872,0.0,0.0,0.0,nan,nan,nan,nan,nan,0.0,nan,nan,nan,nan,1616.22903496027,8688.8955078125,,,,,,,,,,
44,1,44,0.0,128.0,128.0,0.39071752689778805,0.0,74.0,0.0,0.0,0.0,0.0,0.0,0.0,0.0,0.0,0.0,0.6,0.008,1.0,0.6726563977922163,0.0,0.0,0.0,nan,nan,nan,nan,nan,0.0,nan,nan,nan,nan,1610.1253910455853,8698.046875,,,,,,,,,,
45,1,45,0.0,128.0,128.0,0.3829019165132195,0.0,74.0,0.0,0.0,0.0,0.0,0.0,0.0,0.0,0.0,0.0,0.6,0.008,1.0,0.6755055697357542,0.0,0.0,0.0,nan,nan,nan,nan,nan,0.0,nan,nan,nan,nan,1599.9929700046778,8707.193359375,,,,,,,,,,
46,1,46,0.0,128.0,128.0,0.3614942249841988,0.0,74.0,0.0,0.0,0.0,0.0,0.0,0.0,0.0,0.0,0.0,0.6,0.008,1.0,0.6798269629711414,0.0,0.0,0.0,nan,nan,nan,nan,nan,0.0,nan,nan,nan,nan,1612.7469929633662,8712.6552734375,,,,,,,,,,
47,1,47,0.0,128.0,128.0,0.3015810267534107,0.0,74.0,0.0,0.0,0.0,0.0,0.0,0.0,0.0,0.0,0.0,0.6,0.008,1.0,0.6777203121103837,0.0,0.0,0.0,nan,nan,nan,nan,nan,0.0,nan,nan,nan,nan,1692.538714967668,8712.6552734375,,,,,,,,,,
48,1,48,0.0,128.0,128.0,0.314045253675431,0.0,74.0,0.0,0.0,0.0,0.0,0.0,0.0,0.0,0.0,0.0,0.6,0.008,1.0,0.6727370062505145,0.0,0.0,0.0,nan,nan,nan,nan,nan,0.0,nan,nan,nan,nan,1614.004894043319,8703.181640625,,,,,,,,,,
49,1,49,0.0,128.0,128.0,0.31175596721004695,0.0,74.0,0.0,0.0,0.0,0.0,0.0,0.0,0.0,0.0,0.0,0.6,0.008,1.0,0.6723220957586714,0.0,0.0,0.0,nan,nan,nan,nan,nan,0.0,nan,nan,nan,nan,1607.7578919939697,8725.0576171875,,,,,,,,,,
50,1,50,0.0,128.0,128.0,0.2996978973969817,0.0,74.0,0.0,0.0,0.0,0.0,0.0,0.0,0.0,0.0,0.0,0.6,0.008,1.0,0.6806166345916285,0.0,0.0,0.0,nan,nan,nan,nan,nan,0.0,nan,nan,nan,nan,1622.9071218986064,8688.8955078125,,,,,,,,,,
51,1,51,0.0,128.0,128.0,0.3751679817796685,0.0,74.0,0.0,0.0,0.0,0.0,0.0,0.0,0.0,0.0,0.0,0.6,0.008,1.0,0.6726099584082538,0.0,0.0,0.0,nan,nan,nan,nan,nan,0.0,nan,nan,nan,nan,1606.434479006566,8757.56787109375,,,,,,,,,,
52,1,52,0.0,128.0,128.0,0.2865271265618503,0.0,74.0,0.0,0.0,0.0,0.0,0.0,0.0,0.0,0.0,0.0,0.6,0.008,1.0,0.6731757509987136,0.0,0.0,0.0,nan,nan,nan,nan,nan,0.0,nan,nan,nan,nan,1594.0890080528334,8695.5830078125,,,,,,,,,,
53,1,53,0.0,128.0,128.0,0.36083458992652595,0.0,74.0,0.0,0.0,0.0,0.0,0.0,0.0,0.0,0.0,0.0,0.6,0.008,1.0,0.679693664760598,0.0,0.0,0.0,nan,nan,nan,nan,nan,0.0,nan,nan,nan,nan,1610.0329969776794,8732.6181640625,,,,,,,,,,
54,1,54,0.0,128.0,128.0,0.3123778896406293,0.0,74.0,0.0,0.0,0.0,0.0,0.0,0.0,0.0,0.0,0.0,0.6,0.008,1.0,0.678338503831669,0.0,0.0,0.0,nan,nan,nan,nan,nan,0.0,nan,nan,nan,nan,1601.8133698962629,8693.26171875,,,,,,,,,,
55,1,55,0.0,128.0,128.0,0.3620629053330049,0.0,74.0,0.0,0.0,0.0,0.0,0.0,0.0,0.0,0.0,0.0,0.6,0.008,1.0,0.6763683348121899,0.0,0.0,0.0,nan,nan,nan,nan,nan,0.0,nan,nan,nan,nan,1600.2972999121994,8724.1767578125,,,,,,,,,,
56,1,56,0.0,128.0,128.0,0.3129388662055135,0.0,74.0,0.0,0.0,0.0,0.0,0.0,0.0,0.0,0.0,0.0,0.6,0.008,1.0,0.677397806234744,0.0,0.0,0.0,nan,nan,nan,nan,nan,0.0,nan,nan,nan,nan,1609.071379993111,8712.41455078125,,,,,,,,,,
57,1,57,0.0,128.0,128.0,0.3305911540519446,0.0,74.0,0.0,0.0,0.0,0.0,0.0,0.0,0.0,0.0,0.0,0.6,0.008,1.0,0.6775327503946492,0.0,0.0,0.0,nan,nan,nan,nan,nan,0.0,nan,nan,nan,nan,1608.3739220630378,8693.26171875,,,,,,,,,,
58,1,58,0.0,84.0,84.0,0.23898711090996153,0.0,74.0,0.0,0.0,0.0,0.0,0.0,0.0,0.0,0.0,0.0,0.6,0.008,1.0,0.674781874940662,0.0,0.0,0.0,nan,nan,nan,nan,nan,0.0,nan,nan,nan,nan,1071.235802024603,6861.99169921875,,,,,,,,,,
59,1,59,0.0,128.0,128.0,0.2000740315997973,0.0,74.0,0.0,0.0,0.0,0.0,0.0,0.0,0.0,0.0,0.0,0.6,0.008,1.0,0.6730252809696187,0.0,0.0,0.0,nan,nan,nan,nan,nan,0.0,nan,nan,nan,nan,1616.7455770773813,8712.6552734375,,,,,,,,,,
60,1,60,0.0,128.0,128.0,0.1992564598331228,0.0,74.0,0.0,0.0,0.0,0.0,0.0,0.0,0.0,0.0,0.0,0.6,0.008,1.0,0.6746856961452031,0.0,0.0,0.0,nan,nan,nan,nan,nan,0.0,nan,nan,nan,nan,1601.1251240270212,8693.26171875,,,,,,,,,,
61,1,61,0.0,128.0,128.0,0.1955748961190693,0.0,74.0,0.0,0.0,0.0,0.0,0.0,0.0,0.0,0.0,0.0,0.6,0.008,1.0,0.6779098062753279,0.0,0.0,0.0,nan,nan,nan,nan,nan,0.0,nan,nan,nan,nan,1595.0978879118338,8693.26171875,,,,,,,,,,
62,1,62,0.0,128.0,128.0,0.19200248114066198,0.0,74.0,0.0,0.0,0.0,0.0,0.0,0.0,0.0,0.0,0.0,0.6,0.008,1.0,0.678077174266495,0.0,0.0,0.0,nan,nan,nan,nan,nan,0.0,nan,nan,nan,nan,1586.4392609801143,8701.8720703125,,,,,,,,,,
63,1,63,0.0,128.0,128.0,0.18103123601758853,0.0,74.0,0.0,0.0,0.0,0.0,0.0,0.0,0.0,0.0,0.0,0.6,0.008,1.0,0.6806515030875638,0.0,0.0,0.0,nan,nan,nan,nan,nan,0.0,nan,nan,nan,nan,1620.4606370301917,8707.193359375,,,,,,,,,,
64,1,64,0.0,128.0,128.0,0.11091019562445581,0.0,74.0,0.0,0.0,0.0,0.0,0.0,0.0,0.0,0.0,0.0,0.6,0.008,1.0,0.6825824933380403,0.0,0.0,0.0,nan,nan,nan,nan,nan,0.0,nan,nan,nan,nan,1693.5899080708623,8712.41455078125,,,,,,,,,,
65,1,65,0.0,128.0,128.0,0.16076989768771455,0.0,74.0,0.0,0.0,0.0,0.0,0.0,0.0,0.0,0.0,0.0,0.6,0.008,1.0,0.6785360092944842,0.0,0.0,0.0,nan,nan,nan,nan,nan,0.0,nan,nan,nan,nan,1604.5532510615885,8707.193359375,,,,,,,,,,
66,1,66,0.0,128.0,128.0,0.257408581499476,0.0,74.0,0.0,0.0,0.0,0.0,0.0,0.0,0.0,0.0,0.0,0.6,0.008,1.0,0.6815946755666138,0.0,0.0,0.0,nan,nan,nan,nan,nan,0.0,nan,nan,nan,nan,1612.3442680109292,8707.9150390625,,,,,,,,,,
67,1,67,0.0,128.0,128.0,0.20512510916159954,0.0,74.0,0.0,0.0,0.0,0.0,0.0,0.0,0.0,0.0,0.0,0.6,0.008,1.0,0.68292062487815,0.0,0.0,0.0,nan,nan,nan,nan,nan,0.0,nan,nan,nan,nan,1592.2478720312938,8707.193359375,,,,,,,,,,
68,1,68,0.0,128.0,128.0,0.22664186028123368,0.0,74.0,0.0,0.0,0.0,0.0,0.0,0.0,0.0,0.0,0.0,0.6,0.008,1.0,0.6806354677857372,0.0,0.0,0.0,nan,nan,nan,nan,nan,0.0,nan,nan,nan,nan,1588.7858929345384,8698.046875,,,,,,,,,,
69,1,69,0.0,128.0,128.0,0.2902808164508315,0.0,74.0,0.0,0.0,0.0,0.0,0.0,0.0,0.0,0.0,0.0,0.6,0.008,1.0,0.6790208915916539,0.0,0.0,0.0,nan,nan,nan,nan,nan,0.0,nan,nan,nan,nan,1602.7406170032918,8732.6181640625,,,,,,,,,,
70,1,70,0.0,128.0,128.0,0.2994891854323214,0.0,74.0,0.0,0.0,0.0,0.0,0.0,0.0,0.0,0.0,0.0,0.6,0.008,1.0,0.6809669283323108,0.0,0.0,0.0,nan,nan,nan,nan,nan,0.0,nan,nan,nan,nan,1593.651723000221,8698.046875,,,,,,,,,,
71,1,71,0.0,128.0,128.0,0.2815438375255326,0.0,74.0,0.0,0.0,0.0,0.0,0.0,0.0,0.0,0.0,0.0,0.6,0.008,1.0,0.6783102392707955,0.0,0.0,0.0,nan,nan,nan,nan,nan,0.0,nan,nan,nan,nan,1610.243079951033,8725.0576171875,,,,,,,,,,
72,1,72,0.0,128.0,128.0,0.22250241320580244,0.0,74.0,0.0,0.0,0.0,0.0,0.0,0.0,0.0,0.0,0.0,0.6,0.008,1.0,0.6791253798310515,0.0,0.0,0.0,nan,nan,nan,nan,nan,0.0,nan,nan,nan,nan,1621.437861933373,8724.1767578125,,,,,,,,,,
73,1,73,0.0,128.0,128.0,0.21488897759991232,0.0,74.0,0.0,0.0,0.0,0.0,0.0,0.0,0.0,0.0,0.0,0.6,0.008,1.0,0.6787986287935713,0.0,0.0,0.0,nan,nan,nan,nan,nan,0.0,nan,nan,nan,nan,1606.3630559947342,8698.046875,,,,,,,,,,
74,1,74,0.0,128.0,128.0,0.2811912351171486,0.0,74.0,0.0,0.0,0.0,0.0,0.0,0.0,0.0,0.0,0.0,0.6,0.008,1.0,0.6769050036544667,0.0,0.0,0.0,nan,nan,nan,nan,nan,0.0,nan,nan,nan,nan,1612.305808113888,8701.3994140625,,,,,,,,,,
75,1,75,0.0,128.0,128.0,0.18743426092260052,0.0,74.0,0.0,0.0,0.0,0.0,0.0,0.0,0.0,0.0,0.0,0.6,0.008,1.0,0.678014849194443,0.0,0.0,0.0,nan,nan,nan,nan,nan,0.0,nan,nan,nan,nan,1616.845295066014,8707.9150390625,,,,,,,,,,
76,1,76,0.0,128.0,128.0,0.10842199197213631,0.0,74.0,0.0,0.0,0.0,0.0,0.0,0.0,0.0,0.0,0.0,0.6,0.008,1.0,0.6811737885897868,0.0,0.0,0.0,nan,nan,nan,nan,nan,0.0,nan,nan,nan,nan,1613.0117119755596,8714.755859375,,,,,,,,,,
77,1,77,0.0,128.0,128.0,0.19710907989065163,0.0,74.0,0.0,0.0,0.0,0.0,0.0,0.0,0.0,0.0,0.0,0.6,0.008,1.0,0.6760420267098494,0.0,0.0,0.0,nan,nan,nan,nan,nan,0.0,nan,nan,nan,nan,1613.7631949968636,8724.1767578125,,,,,,,,,,
78,1,78,0.0,128.0,128.0,0.12396438351424877,0.0,74.0,0.0,0.0,0.0,0.0,0.0,0.0,0.0,0.0,0.0,0.6,0.008,1.0,0.6835660066902712,0.0,0.0,0.0,nan,nan,nan,nan,nan,0.0,nan,nan,nan,nan,1606.4807799411938,8707.9150390625,,,,,,,,,,
79,1,79,0.0,128.0,128.0,0.24995537649374455,0.0,74.0,0.0,0.0,0.0,0.0,0.0,0.0,0.0,0.0,0.0,0.6,0.008,1.0,0.6781312370897613,0.0,0.0,0.0,nan,nan,nan,nan,nan,0.0,nan,nan,nan,nan,1607.7452830504626,8724.1767578125,,,,,,,,,,
80,1,80,0.0,128.0,128.0,0.21706793227349408,0.0,74.0,0.0,0.0,0.0,0.0,0.0,0.0,0.0,0.0,0.0,0.6,0.008,1.0,0.6783101578458874,0.0,0.0,0.0,nan,nan,nan,nan,nan,0.0,nan,nan,nan,nan,1686.3118609180674,8724.1767578125,,,,,,,,,,
81,1,81,0.0,128.0,128.0,0.19540689975838177,0.0,74.0,0.0,0.0,0.0,0.0,0.0,0.0,0.0,0.0,0.0,0.6,0.008,1.0,0.6810387498245093,0.0,0.0,0.0,nan,nan,nan,nan,nan,0.0,nan,nan,nan,nan,1610.3179740021005,8698.046875,,,,,,,,,,
82,1,82,0.0,128.0,128.0,0.2145040776085807,0.0,74.0,0.0,0.0,0.0,0.0,0.0,0.0,0.0,0.0,0.0,0.6,0.008,1.0,0.6718421405618586,0.0,0.0,0.0,nan,nan,nan,nan,nan,0.0,nan,nan,nan,nan,1598.675617016852,8707.193359375,,,,,,,,,,
83,1,83,0.0,128.0,128.0,0.17370306064549368,0.0,74.0,0.0,0.0,0.0,0.0,0.0,0.0,0.0,0.0,0.0,0.6,0.008,1.0,0.6838330815715199,0.0,0.0,0.0,nan,nan,nan,nan,nan,0.0,nan,nan,nan,nan,1594.177745981142,8695.5830078125,,,,,,,,,,
84,1,84,0.0,128.0,128.0,0.26588336324493866,0.0,74.0,0.0,0.0,0.0,0.0,0.0,0.0,0.0,0.0,0.0,0.6,0.008,1.0,0.6705006297821124,0.0,0.0,0.0,nan,nan,nan,nan,nan,0.0,nan,nan,nan,nan,1604.3309029191732,8698.046875,,,,,,,,,,
85,1,85,0.0,128.0,128.0,0.24065895449894015,0.0,74.0,0.0,0.0,0.0,0.0,0.0,0.0,0.0,0.0,0.0,0.6,0.008,1.0,0.6753984170061058,0.0,0.0,0.0,nan,nan,nan,nan,nan,0.0,nan,nan,nan,nan,1593.9356440212578,8757.56787109375,,,,,,,,,,
86,1,86,0.0,128.0,128.0,0.21582387457601726,0.0,74.0,0.0,0.0,0.0,0.0,0.0,0.0,0.0,0.0,0.0,0.6,0.008,1.0,0.6777666243917453,0.0,0.0,0.0,nan,nan,nan,nan,nan,0.0,nan,nan,nan,nan,1602.2539580008015,8703.181640625,,,,,,,,,,
87,1,87,0.0,84.0,84.0,0.08785704895853996,0.0,74.0,0.0,0.0,0.0,0.0,0.0,0.0,0.0,0.0,0.0,0.6,0.008,1.0,0.6793134967712398,0.0,0.0,0.0,nan,nan,nan,nan,nan,0.0,nan,nan,nan,nan,1064.3667279509827,6870.19091796875,,,,,,,,,,
88,1,88,0.0,128.0,128.0,0.13072163937613368,0.0,74.0,0.0,0.0,0.0,0.0,0.0,0.0,0.0,0.0,0.0,0.6,0.008,1.0,0.6723189153312433,0.0,0.0,0.0,nan,nan,nan,nan,nan,0.0,nan,nan,nan,nan,1613.2602910511196,8724.1767578125,,,,,,,,,,
89,1,89,0.0,128.0,128.0,0.17670917182113044,0.0,74.0,0.0,0.0,0.0,0.0,0.0,0.0,0.0,0.0,0.0,0.6,0.008,1.0,0.6757129729545555,0.0,0.0,0.0,nan,nan,nan,nan,nan,0.0,nan,nan,nan,nan,1600.64102394972,8717.5302734375,,,,,,,,,,
90,1,90,0.0,128.0,128.0,0.20651794812874869,0.0,74.0,0.0,0.0,0.0,0.0,0.0,0.0,0.0,0.0,0.0,0.6,0.008,1.0,0.6790166939709575,0.0,0.0,0.0,nan,nan,nan,nan,nan,0.0,nan,nan,nan,nan,1590.424211928621,8695.5830078125,,,,,,,,,,
91,1,91,0.0,128.0,128.0,0.1457415708573535,0.0,74.0,0.0,0.0,0.0,0.0,0.0,0.0,0.0,0.0,0.0,0.6,0.008,1.0,0.6750909281068402,0.0,0.0,0.0,nan,nan,nan,nan,nan,0.0,nan,nan,nan,nan,1607.9955650493503,8732.6181640625,,,,,,,,,,
92,1,92,0.0,128.0,128.0,0.15988940186798573,0.0,74.0,0.0,0.0,0.0,0.0,0.0,0.0,0.0,0.0,0.0,0.6,0.008,1.0,0.6763077051406005,0.0,0.0,0.0,nan,nan,nan,nan,nan,0.0,nan,nan,nan,nan,1615.0866060052067,8712.6552734375,,,,,,,,,,
93,1,93,0.0,128.0,128.0,0.11066829919582233,0.0,74.0,0.0,0.0,0.0,0.0,0.0,0.0,0.0,0.0,0.0,0.6,0.008,1.0,0.6748951107874431,0.0,0.0,0.0,nan,nan,nan,nan,nan,0.0,nan,nan,nan,nan,1618.9573539886624,8724.1767578125,,,,,,,,,,
94,1,94,0.0,128.0,128.0,0.08608751531573944,0.0,74.0,0.0,0.0,0.0,0.0,0.0,0.0,0.0,0.0,0.0,0.6,0.008,1.0,0.6778558254034915,0.0,0.0,0.0,nan,nan,nan,nan,nan,0.0,nan,nan,nan,nan,1621.8538529938087,8693.26171875,,,,,,,,,,
95,1,95,0.0,128.0,128.0,0.13287943143222947,0.0,74.0,0.0,0.0,0.0,0.0,0.0,0.0,0.0,0.0,0.0,0.6,0.008,1.0,0.6785537243407146,0.0,0.0,0.0,nan,nan,nan,nan,nan,0.0,nan,nan,nan,nan,1609.8484150134027,8757.56787109375,,,,,,,,,,
96,1,96,0.0,128.0,128.0,0.05512462386104744,0.0,74.0,0.0,0.0,0.0,0.0,0.0,0.0,0.0,0.0,0.0,0.6,0.008,1.0,0.6745912746892974,0.0,0.0,0.0,nan,nan,nan,nan,nan,0.0,nan,nan,nan,nan,1622.7206829935312,8688.8955078125,,,,,,,,,,
97,1,97,0.0,128.0,128.0,0.11847816973750014,0.0,74.0,0.0,0.0,0.0,0.0,0.0,0.0,0.0,0.0,0.0,0.6,0.008,1.0,0.6817648627898142,0.0,0.0,0.0,nan,nan,nan,nan,nan,0.0,nan,nan,nan,nan,1645.7151849754155,8712.41455078125,,,,,,,,,,
98,1,98,0.0,128.0,128.0,0.13133861281676218,0.0,74.0,0.0,0.0,0.0,0.0,0.0,0.0,0.0,0.0,0.0,0.6,0.008,1.0,0.6795861462539516,0.0,0.0,0.0,nan,nan,nan,nan,nan,0.0,nan,nan,nan,nan,1707.3584869503975,8714.755859375,,,,,,,,,,
99,1,99,0.0,128.0,128.0,0.19258399048703723,0.0,74.0,0.0,0.0,0.0,0.0,0.0,0.0,0.0,0.0,0.0,0.6,0.008,1.0,0.678551368422276,0.0,0.0,0.0,nan,nan,nan,nan,nan,0.0,nan,nan,nan,nan,1618.5693179722875,8688.8955078125,,,,,,,,,,
100,1,100,0.0,128.0,128.0,0.15768191187817138,0.0,74.0,0.0,0.0,0.0,0.0,0.0,0.0,0.0,0.0,0.0,0.6,0.008,1.0,0.6757007202499519,0.0,0.0,0.0,nan,nan,nan,nan,nan,0.0,nan,nan,nan,nan,1631.1535290442407,8707.193359375,,,,,,,,,,
100,1,,1.0,128.0,128.0,,,,,,,,,,,,,,,1.0,0.6757007202499519,0.0,0.0,0.0,nan,nan,nan,nan,nan,0.0,nan,nan,nan,nan,1631.1535290442407,8707.193359375,0.8921568627450981,0.3199923411011696,0.8921568627450981,0.315323855727911,0.9656488549618321,0.10849433803352816,0.07349199221673397,0.9664667393675027,0.11004835007519558,0.07430987662240462
